Christmas 2025 w/ Crown,,Merry Christmas in the Snowy Fields 2025,,Lotto Drop Bonus:,,8,,,,,Apple AP Buyback?:,X,,,,,,,Event Run Caps:,,,,,,,,Raid Run Caps:,,,,,,,,Special Notes:,,,,,,,,,,,,,,,,,,,,,,,,,,,,,,,,,,,,,,,,,,,,,,,,,,,,,,,,,,,,,,,,,,,,,,,,,,,,,,,,,,,,,,,,,,,,,,,,,,,,,,,,,,,,,,,,,,,,,,,,,,,,,,,,,,,,,,,,,,,,,,,,,,,,,,,,,,,,,,,,,,,,,,,,,,,,,,,,,,,,,,,,,,,,,,,,,,,,,,,,,,,,,,,,,,,,,,,,,,,,,,,,
Location,AP,AP,Bond,Type,Lotto,Lotto,Total Eff,T. Eff (min),,ID,Material,Drop%,APD,,Eff,Eff (min),,ID,Material,Drop%,APD,,Eff,Eff (min),,ID,Material,Drop%,APD,,Eff,Eff (min),,ID,Material,Drop%,APD,,Eff,Eff (min),,ID,Material,Drop%,APD,,Eff,Eff (min),,ID,Material,Drop%,APD,,Eff,Eff (min),,ID,Material,Drop%,APD,,Eff,Eff (min),,ID,Material,Drop%,APD,,Eff,Eff (min),,ID,Material,Drop%,APD,,Eff,Eff (min),,ID,Material,Drop%,APD,,Eff,Eff (min),,ID,Material,Drop%,APD,,Eff,Eff (min),,ID,Material,Drop%,APD,,Eff,Eff (min),,ID,Material,Drop%,APD,,Eff,Eff (min),,ID,Material,Drop%,APD,,Eff,Eff (min),,ID,Material,Drop%,APD,,Eff,Eff (min),,ID,Material,Drop%,APD,,Eff,Eff (min),,ID,Material,Drop%,APD,,Eff,Eff (min),,ID,Material,Drop%,APD,,Eff,Eff (min),,ID,Material,Drop%,APD,,Eff,Eff (min),,ID,Material,Drop%,APD,,Eff,Eff (min),,QP,QP/AP,Box,Eff,,Avg Lot,# Lot,R/Box,AP/Box,,ID,Material,Drop%,APD,,Eff,Eff (min),,ID,Material,Drop%,APD,,Eff,Eff (min),,ID,Material,Drop%,APD,,Eff,Eff (min),,ID,Material,Drop%,APD,,Eff,Eff (min),,ID,Material,Drop%,APD,,Eff,Eff (min),,ID,Material,Drop%,APD,,Eff,Eff (min),,ID,Material,Drop%,APD,,Eff,Eff (min),,ID,Material,Drop%,APD,,Eff,Eff (min),,,ID,Material,Drop%,,ID,Material,Drop%,,ID,Material,Drop%,,ID,Material,Drop%
Novice,26.35,30,215,Lotto,8,,2.492,1.495,,6555,Vestige of Madness,20.32,129.7,AP,0.230,0.171,,6527,Deadly Poison Needle,11.23,234.6,AP,0.130,0.076,,6107,Magic Gem of Berserker,5.35,492.5,AP,0.045,,,7007,Berserker Piece,12.83,205.4,AP,0.094,,,6007,Gem of Berserker,13.37,197.1,AP,0.035,,,,,,,,,,,,,,,,,,,,,,,,,,,,,,,,,,,,,,,,,,,,,,,,,,,,,,,,,,,,,,,,,,,,,,,,,,,,,,,,,,,,,,,,,,,,,,,,,,,,,,,,,,,,,,,,,,,,,,,,,,,"2,400",91,"20,683",,,24.3,6.1,8.2,216.6,,6543,Crown of Silvery Light,24.330,108.3,AP,0.457,0.265,,6526,Shell of Reminiscence,24.330,108.3,AP,0.428,0.236,,6514,Homunculus Baby,24.330,108.3,AP,0.419,0.247,,6534,Mystic Gunpowder,36.495,72.2,AP,0.379,0.233,,6533,Stake of Wailing Night,36.495,72.2,AP,0.378,0.226,,6549,Small Bell of Absolution,6.447,408.7,AP,0.071,0.041,,6005,Gem of Caster,3.893,676.9,AP,0.012,,,,,,,,,,,,-1,Blue Gems,24.330,,-2,Red Gems,24.330,,-3,Gold Gems,12.165,,-6,XP,365.0
Intermediate,30.2,35,415,Lotto,8,,2.990,1.757,,6545,Divine Leyline Spiritron,17.56,172.0,AP,0.269,0.164,,6508,Ghost Lantern,18.05,167.3,AP,0.273,0.161,,6006,Gem of Assassin,26.59,113.6,AP,0.064,,,7006,Assassin Piece,14.63,206.4,AP,0.078,,,,,,,,,,,,,,,,,,,,,,,,,,,,,,,,,,,,,,,,,,,,,,,,,,,,,,,,,,,,,,,,,,,,,,,,,,,,,,,,,,,,,,,,,,,,,,,,,,,,,,,,,,,,,,,,,,,,,,,,,,,,,,,,,,,"4,400",146,"23,730",,,30.5,8.2,6.3,188.8,,6543,Crown of Silvery Light,31.993,94.4,AP,0.524,0.304,,6526,Shell of Reminiscence,31.993,94.4,AP,0.492,0.270,,6514,Homunculus Baby,31.993,94.4,AP,0.481,0.283,,6534,Mystic Gunpowder,47.990,62.9,AP,0.435,0.268,,6533,Stake of Wailing Night,47.990,62.9,AP,0.434,0.259,,6549,Small Bell of Absolution,8.478,356.2,AP,0.081,0.047,,6005,Gem of Caster,5.119,590.0,AP,0.014,,,,,,,,,,,,-1,Blue Gems,31.993,,-2,Red Gems,31.993,,-3,Gold Gems,15.997,,-6,XP,479.9
Advanced,34.28,40,615,Lotto,8,,3.144,1.892,,6535,Eternal Ice,48.16,71.2,AP,0.573,0.388,,6101,Magic Gem of Saber,18.21,188.2,AP,0.117,,,7101,Saber Monument,11.03,310.8,AP,0.157,,,6001,Gem of Saber,22.94,149.4,AP,0.050,,,,,,,,,,,,,,,,,,,,,,,,,,,,,,,,,,,,,,,,,,,,,,,,,,,,,,,,,,,,,,,,,,,,,,,,,,,,,,,,,,,,,,,,,,,,,,,,,,,,,,,,,,,,,,,,,,,,,,,,,,,,,,,,,,,"6,400",187,"24,931",,,35.6,9.9,5.2,179.7,,6543,Crown of Silvery Light,38.153,89.8,AP,0.551,0.319,,6526,Shell of Reminiscence,38.153,89.8,AP,0.516,0.284,,6514,Homunculus Baby,38.153,89.8,AP,0.505,0.298,,6534,Mystic Gunpowder,57.230,59.9,AP,0.457,0.281,,6533,Stake of Wailing Night,57.230,59.9,AP,0.456,0.272,,6549,Small Bell of Absolution,10.111,339.0,AP,0.085,0.050,,6005,Gem of Caster,6.105,561.5,AP,0.015,,,,,,,,,,,,-1,Blue Gems,38.153,,-2,Red Gems,38.153,,-3,Gold Gems,19.077,,-6,XP,572.3
Expert,33.45,40,815,Lotto,8,,3.987,2.344,,6553,Sun Leather,22.08,151.5,AP,0.296,0.216,,6511,Forbidden Page,21.62,154.7,AP,0.392,0.178,,6516,Evil Bone,50.64,66.1,AP,0.283,0.186,,6205,Secret Gem of Caster,14.68,227.9,AP,0.217,,,7105,Caster Monument,4.74,705.7,AP,0.069,,,6107,Magic Gem of Berserker,16.88,198.2,AP,0.111,,,7107,Berserker Monument,3.12,"1,072.1",AP,0.045,,,6007,Gem of Berserker,17.11,195.5,AP,0.035,,,7106,Assassin Monument,6.13,545.7,AP,0.089,,,7104,Rider Monument,3.93,851.1,AP,0.059,,,,,,,,,,,,,,,,,,,,,,,,,,,,,,,,,,,,,,,,,,,,,,,,,,,,,,,,,,,,,,,,,,,,,,,,,,,,,,,,,,,"8,400",251,"29,244",,,35.7,11.9,4.6,153.2,,6543,Crown of Silvery Light,43.670,76.6,AP,0.646,0.374,,6526,Shell of Reminiscence,43.670,76.6,AP,0.606,0.333,,6514,Homunculus Baby,43.670,76.6,AP,0.593,0.349,,6534,Mystic Gunpowder,65.505,51.1,AP,0.537,0.330,,6533,Stake of Wailing Night,65.505,51.1,AP,0.535,0.319,,6549,Small Bell of Absolution,11.573,289.0,AP,0.100,0.059,,6005,Gem of Caster,6.987,478.7,AP,0.017,,,,,,,,,,,,-1,Blue Gems,43.670,,-2,Red Gems,43.670,,-3,Gold Gems,21.835,,-6,XP,655.1
Powder: Day 1,31.69,40,915,Lotto,8,,5.705,3.308,,6529,Cursed Beast Gallstone,21.61,146.6,AP,1.053,0.547,,6535,Eternal Ice,22.75,139.3,AP,0.293,0.198,,6551,Ceremonial Sword of Twilight,34.99,90.6,AP,0.320,0.200,,6205,Secret Gem of Caster,21.99,144.1,AP,0.343,,,7105,Caster Monument,21.22,149.3,AP,0.327,,,6105,Magic Gem of Caster,17.21,184.1,AP,0.096,,,6005,Gem of Caster,16.63,190.6,AP,0.043,,,,,,,,,,,,,,,,,,,,,,,,,,,,,,,,,,,,,,,,,,,,,,,,,,,,,,,,,,,,,,,,,,,,,,,,,,,,,,,,,,,,,,,,,,,,,,,,,,,,,,,,,,,"9,400",297,"39,162",,,45.3,15.1,3.6,114.4,,6543,Crown of Silvery Light,55.403,57.2,AP,0.865,0.501,,6526,Shell of Reminiscence,55.403,57.2,AP,0.811,0.446,,6514,Homunculus Baby,55.403,57.2,AP,0.794,0.468,,6534,Mystic Gunpowder,83.105,38.1,AP,0.719,0.442,,6533,Stake of Wailing Night,83.105,38.1,AP,0.716,0.428,,6549,Small Bell of Absolution,14.682,215.8,AP,0.134,0.078,,6005,Gem of Caster,8.865,357.5,AP,0.023,,,,,,,,,,,,-1,Blue Gems,55.403,,-2,Red Gems,55.403,,-3,Gold Gems,27.702,,-6,XP,831.1
Flake: Day 1,30.95,40,"1,098",Lotto,8,,6.092,3.525,,6519,Warhorse's Young Horn,31.54,98.1,AP,0.877,0.517,,6526,Shell of Reminiscence,29.12,106.3,AP,0.437,0.240,,6503,Proof of Hero,45.27,68.4,AP,0.274,0.133,,6101,Magic Gem of Saber,31.13,99.4,AP,0.222,,,7101,Saber Monument,26.02,118.9,AP,0.410,,,6001,Gem of Saber,27.99,110.6,AP,0.068,,,,,,,,,,,,,,,,,,,,,,,,,,,,,,,,,,,,,,,,,,,,,,,,,,,,,,,,,,,,,,,,,,,,,,,,,,,,,,,,,,,,,,,,,,,,,,,,,,,,,,,,,,,,,,,,,,,"11,280",364,"43,681",,,49.4,16.5,3.3,102.6,,6543,Crown of Silvery Light,60.353,51.3,AP,0.965,0.559,,6526,Shell of Reminiscence,60.353,51.3,AP,0.905,0.498,,6514,Homunculus Baby,60.353,51.3,AP,0.885,0.522,,6534,Mystic Gunpowder,90.530,34.2,AP,0.801,0.493,,6533,Stake of Wailing Night,90.530,34.2,AP,0.799,0.477,,6549,Small Bell of Absolution,15.994,193.5,AP,0.149,0.087,,6005,Gem of Caster,9.657,320.5,AP,0.026,,,,,,,,,,,,-1,Blue Gems,60.353,,-2,Red Gems,60.353,,-3,Gold Gems,30.177,,-6,XP,905.3
Powder: Day 2,31.67,40,915,Lotto,8,,5.606,3.315,,6528,Primordial Lanugo,26.72,118.5,AP,0.877,0.515,,6538,Soundless Bell,24.38,129.9,AP,0.355,0.211,,6535,Eternal Ice,25,126.7,AP,0.322,0.218,,6204,Secret Gem of Rider,20.31,155.9,AP,0.470,,,7104,Rider Monument,17.97,176.2,AP,0.283,,,6104,Magic Gem of Rider,15.31,206.9,AP,0.104,,,6004,Gem of Rider,16.72,189.4,AP,0.044,,,,,,,,,,,,,,,,,,,,,,,,,,,,,,,,,,,,,,,,,,,,,,,,,,,,,,,,,,,,,,,,,,,,,,,,,,,,,,,,,,,,,,,,,,,,,,,,,,,,,,,,,,,"9,400",297,"39,290",,,45.5,15.2,3.6,114.0,,6543,Crown of Silvery Light,55.550,57.0,AP,0.868,0.503,,6526,Shell of Reminiscence,55.550,57.0,AP,0.814,0.448,,6514,Homunculus Baby,55.550,57.0,AP,0.796,0.469,,6534,Mystic Gunpowder,83.325,38.0,AP,0.721,0.443,,6533,Stake of Wailing Night,83.325,38.0,AP,0.718,0.429,,6549,Small Bell of Absolution,14.721,215.1,AP,0.134,0.079,,6005,Gem of Caster,8.888,356.3,AP,0.023,,,,,,,,,,,,-1,Blue Gems,55.550,,-2,Red Gems,55.550,,-3,Gold Gems,27.775,,-6,XP,833.3
Flake: Day 2,30.94,40,"1,098",Lotto,8,,5.960,3.487,,6550,Scale of Fantasy,49.82,62.1,AP,0.742,0.461,,6508,Ghost Lantern,28.76,107.6,AP,0.425,0.251,,6503,Proof of Hero,46.46,66.6,AP,0.281,0.137,,6103,Magic Gem of Lancer,16.48,187.7,AP,0.107,,,7103,Lancer Monument,26.55,116.5,AP,0.410,,,6003,Gem of Lancer,28.77,107.5,AP,0.078,,,,,,,,,,,,,,,,,,,,,,,,,,,,,,,,,,,,,,,,,,,,,,,,,,,,,,,,,,,,,,,,,,,,,,,,,,,,,,,,,,,,,,,,,,,,,,,,,,,,,,,,,,,,,,,,,,,"11,280",365,"43,748",,,49.4,16.5,3.3,102.4,,6543,Crown of Silvery Light,60.427,51.2,AP,0.967,0.560,,6526,Shell of Reminiscence,60.427,51.2,AP,0.906,0.498,,6514,Homunculus Baby,60.427,51.2,AP,0.887,0.523,,6534,Mystic Gunpowder,90.640,34.1,AP,0.803,0.493,,6533,Stake of Wailing Night,90.640,34.1,AP,0.800,0.478,,6549,Small Bell of Absolution,16.013,193.2,AP,0.150,0.088,,6005,Gem of Caster,9.668,320.0,AP,0.026,,,,,,,,,,,,-1,Blue Gems,60.427,,-2,Red Gems,60.427,,-3,Gold Gems,30.213,,-6,XP,906.4
Powder: Day 3,31.81,40,915,Lotto,8,,5.687,3.377,,6548,Flaming Oni Lantern Plant,20.75,153.3,AP,1.016,0.623,,6547,Ball of Rainbow Thread,26.12,121.8,AP,0.376,0.229,,6551,Ceremonial Sword of Twilight,36.14,88.0,AP,0.329,0.206,,6201,Secret Gem of Saber,23.26,136.8,AP,0.526,,,7101,Saber Monument,18.78,169.4,AP,0.288,,,6101,Magic Gem of Saber,16.82,189.1,AP,0.117,,,6001,Gem of Saber,17.89,177.8,AP,0.042,,,,,,,,,,,,,,,,,,,,,,,,,,,,,,,,,,,,,,,,,,,,,,,,,,,,,,,,,,,,,,,,,,,,,,,,,,,,,,,,,,,,,,,,,,,,,,,,,,,,,,,,,,,"9,400",296,"38,446",,,44.7,14.9,3.7,116.5,,6543,Crown of Silvery Light,54.597,58.3,AP,0.850,0.492,,6526,Shell of Reminiscence,54.597,58.3,AP,0.796,0.438,,6514,Homunculus Baby,54.597,58.3,AP,0.779,0.459,,6534,Mystic Gunpowder,81.895,38.8,AP,0.705,0.434,,6533,Stake of Wailing Night,81.895,38.8,AP,0.703,0.420,,6549,Small Bell of Absolution,14.468,219.9,AP,0.131,0.077,,6005,Gem of Caster,8.735,364.1,AP,0.023,,,,,,,,,,,,-1,Blue Gems,54.597,,-2,Red Gems,54.597,,-3,Gold Gems,27.298,,-6,XP,819.0
Flake: Day 3,30.92,40,"1,098",Lotto,8,,6.211,3.572,,6546,Fruit of Eternity,30.78,100.5,AP,0.914,0.461,,6545,Divine Leyline Spiritron,29.21,105.9,AP,0.437,0.267,,6527,Deadly Poison Needle,34.55,89.5,AP,0.340,0.200,,6103,Magic Gem of Lancer,32.47,95.2,AP,0.211,,,7103,Lancer Monument,25.83,119.7,AP,0.399,,,6003,Gem of Lancer,26.81,115.3,AP,0.073,,,,,,,,,,,,,,,,,,,,,,,,,,,,,,,,,,,,,,,,,,,,,,,,,,,,,,,,,,,,,,,,,,,,,,,,,,,,,,,,,,,,,,,,,,,,,,,,,,,,,,,,,,,,,,,,,,,"11,280",365,"43,829",,,49.5,16.5,3.3,102.2,,6543,Crown of Silvery Light,60.500,51.1,AP,0.969,0.561,,6526,Shell of Reminiscence,60.500,51.1,AP,0.908,0.499,,6514,Homunculus Baby,60.500,51.1,AP,0.888,0.524,,6534,Mystic Gunpowder,90.750,34.1,AP,0.804,0.494,,6533,Stake of Wailing Night,90.750,34.1,AP,0.801,0.478,,6549,Small Bell of Absolution,16.033,192.9,AP,0.150,0.088,,6005,Gem of Caster,9.680,319.4,AP,0.026,,,,,,,,,,,,-1,Blue Gems,60.500,,-2,Red Gems,60.500,,-3,Gold Gems,30.250,,-6,XP,907.5
Powder: Day 4,31.75,40,915,Lotto,8,,5.708,3.370,,6544,Fragment of a Twinkling Star,22.02,144.2,AP,1.042,0.615,,6543,Crown of Silvery Light,22.85,138.9,AP,0.356,0.206,,6535,Eternal Ice,23.96,132.5,AP,0.308,0.208,,6204,Secret Gem of Rider,20.72,153.2,AP,0.478,,,7104,Rider Monument,23.5,135.1,AP,0.369,,,6104,Magic Gem of Rider,33.02,96.2,AP,0.225,,,,,,,,,,,,,,,,,,,,,,,,,,,,,,,,,,,,,,,,,,,,,,,,,,,,,,,,,,,,,,,,,,,,,,,,,,,,,,,,,,,,,,,,,,,,,,,,,,,,,,,,,,,,,,,,,,,"9,400",296,"38,803",,,45.0,15.0,3.6,115.5,,6543,Crown of Silvery Light,55.000,57.7,AP,0.857,0.496,,6526,Shell of Reminiscence,55.000,57.7,AP,0.804,0.442,,6514,Homunculus Baby,55.000,57.7,AP,0.786,0.464,,6534,Mystic Gunpowder,82.500,38.5,AP,0.712,0.438,,6533,Stake of Wailing Night,82.500,38.5,AP,0.709,0.424,,6549,Small Bell of Absolution,14.575,217.8,AP,0.133,0.078,,6005,Gem of Caster,8.800,360.8,AP,0.023,,,,,,,,,,,,-1,Blue Gems,55.000,,-2,Red Gems,55.000,,-3,Gold Gems,27.500,,-6,XP,825.0
Flake: Day 4,30.91,40,"1,098",Lotto,8,,6.720,3.944,,6542,Egg of Truth,25.77,119.9,AP,1.326,0.781,,6541,Arrowhead of Malice,29.25,105.7,AP,0.432,0.261,,6549,Small Bell of Absolution,46.53,66.4,AP,0.435,0.255,,6205,Secret Gem of Caster,26.39,117.1,AP,0.423,,,7105,Caster Monument,25.9,119.3,AP,0.409,,,6005,Gem of Caster,32.91,93.9,AP,0.087,,,,,,,,,,,,,,,,,,,,,,,,,,,,,,,,,,,,,,,,,,,,,,,,,,,,,,,,,,,,,,,,,,,,,,,,,,,,,,,,,,,,,,,,,,,,,,,,,,,,,,,,,,,,,,,,,,,"11,280",365,"43,897",,,49.6,16.5,3.3,102.1,,6543,Crown of Silvery Light,60.573,51.0,AP,0.970,0.561,,6526,Shell of Reminiscence,60.573,51.0,AP,0.909,0.500,,6514,Homunculus Baby,60.573,51.0,AP,0.890,0.524,,6534,Mystic Gunpowder,90.860,34.0,AP,0.805,0.495,,6533,Stake of Wailing Night,90.860,34.0,AP,0.802,0.479,,6549,Small Bell of Absolution,16.052,192.6,AP,0.150,0.088,,6005,Gem of Caster,9.692,318.9,AP,0.026,,,,,,,,,,,,-1,Blue Gems,60.573,,-2,Red Gems,60.573,,-3,Gold Gems,30.287,,-6,XP,908.6
Powder: Day 5,31.64,40,915,Lotto,8,,5.441,3.121,,6539,Reactor Core of Dawn,28.1,112.6,AP,0.819,0.413,,6538,Soundless Bell,20.13,157.2,AP,0.293,0.175,,6527,Deadly Poison Needle,26.99,117.2,AP,0.259,0.153,,6103,Magic Gem of Lancer,28.1,112.6,AP,0.179,,,7103,Lancer Monument,19.03,166.3,AP,0.287,,,6003,Gem of Lancer,27.21,116.3,AP,0.072,,,,,,,,,,,,,,,,,,,,,,,,,,,,,,,,,,,,,,,,,,,,,,,,,,,,,,,,,,,,,,,,,,,,,,,,,,,,,,,,,,,,,,,,,,,,,,,,,,,,,,,,,,,,,,,,,,,"9,400",297,"39,457",,,45.6,15.2,3.6,113.5,,6543,Crown of Silvery Light,55.733,56.8,AP,0.872,0.505,,6526,Shell of Reminiscence,55.733,56.8,AP,0.817,0.449,,6514,Homunculus Baby,55.733,56.8,AP,0.800,0.471,,6534,Mystic Gunpowder,83.600,37.8,AP,0.724,0.445,,6533,Stake of Wailing Night,83.600,37.8,AP,0.721,0.431,,6549,Small Bell of Absolution,14.769,214.2,AP,0.135,0.079,,6005,Gem of Caster,8.917,354.8,AP,0.023,,,,,,,,,,,,-1,Blue Gems,55.733,,-2,Red Gems,55.733,,-3,Gold Gems,27.867,,-6,XP,836.0
Flake: Day 5,30.89,40,"1,098",Lotto,8,,6.569,3.817,,6531,Mysterious Divine Wine,26.27,117.6,AP,1.206,0.627,,6535,Eternal Ice,29.28,105.5,AP,0.387,0.262,,6551,Ceremonial Sword of Twilight,46.05,67.1,AP,0.432,0.270,,6207,Secret Gem of Berserker,26.85,115.0,AP,0.642,,,7107,Berserker Monument,26.64,116.0,AP,0.417,,,6007,Gem of Berserker,32.98,93.7,AP,0.074,,,,,,,,,,,,,,,,,,,,,,,,,,,,,,,,,,,,,,,,,,,,,,,,,,,,,,,,,,,,,,,,,,,,,,,,,,,,,,,,,,,,,,,,,,,,,,,,,,,,,,,,,,,,,,,,,,,"11,280",365,"44,058",,,49.7,16.6,3.3,101.7,,6543,Crown of Silvery Light,60.757,50.8,AP,0.974,0.564,,6526,Shell of Reminiscence,60.757,50.8,AP,0.913,0.502,,6514,Homunculus Baby,60.757,50.8,AP,0.893,0.526,,6534,Mystic Gunpowder,91.135,33.9,AP,0.808,0.497,,6533,Stake of Wailing Night,91.135,33.9,AP,0.805,0.481,,6549,Small Bell of Absolution,16.101,191.9,AP,0.151,0.088,,6005,Gem of Caster,9.721,317.8,AP,0.026,,,,,,,,,,,,-1,Blue Gems,60.757,,-2,Red Gems,60.757,,-3,Gold Gems,30.378,,-6,XP,911.4
Powder: Day 6,31.72,40,915,Lotto,8,,5.171,2.968,,6532,Refined Magatama,39.01,81.3,AP,0.561,0.293,,6508,Ghost Lantern,24.42,129.9,AP,0.352,0.208,,6503,Proof of Hero,40.55,78.2,AP,0.239,0.116,,6102,Magic Gem of Archer,32.49,97.6,AP,0.205,,,7102,Archer Monument,20.11,157.7,AP,0.312,,,6002,Gem of Archer,27.18,116.7,AP,0.062,,,,,,,,,,,,,,,,,,,,,,,,,,,,,,,,,,,,,,,,,,,,,,,,,,,,,,,,,,,,,,,,,,,,,,,,,,,,,,,,,,,,,,,,,,,,,,,,,,,,,,,,,,,,,,,,,,,"9,400",296,"38,969",,,45.2,15.1,3.6,115.0,,6543,Crown of Silvery Light,55.183,57.5,AP,0.861,0.498,,6526,Shell of Reminiscence,55.183,57.5,AP,0.807,0.444,,6514,Homunculus Baby,55.183,57.5,AP,0.790,0.466,,6534,Mystic Gunpowder,82.775,38.3,AP,0.715,0.440,,6533,Stake of Wailing Night,82.775,38.3,AP,0.712,0.425,,6549,Small Bell of Absolution,14.624,216.9,AP,0.133,0.078,,6005,Gem of Caster,8.829,359.3,AP,0.023,,,,,,,,,,,,-1,Blue Gems,55.183,,-2,Red Gems,55.183,,-3,Gold Gems,27.592,,-6,XP,827.8
Flake: Day 6,30.92,40,"1,098",Lotto,8,,6.611,3.779,,6528,Primordial Lanugo,31.61,97.8,AP,1.063,0.625,,6511,Forbidden Page,30.13,102.6,AP,0.591,0.269,,6530,Mystic Spinal Fluid,46.71,66.2,AP,0.434,0.241,,6106,Magic Gem of Assassin,32.96,93.8,AP,0.203,,,7106,Assassin Monument,25.09,123.2,AP,0.394,,,6006,Gem of Assassin,27.66,111.8,AP,0.065,,,,,,,,,,,,,,,,,,,,,,,,,,,,,,,,,,,,,,,,,,,,,,,,,,,,,,,,,,,,,,,,,,,,,,,,,,,,,,,,,,,,,,,,,,,,,,,,,,,,,,,,,,,,,,,,,,,"11,280",365,"43,856",,,49.5,16.5,3.3,102.2,,6543,Crown of Silvery Light,60.537,51.1,AP,0.969,0.561,,6526,Shell of Reminiscence,60.537,51.1,AP,0.908,0.500,,6514,Homunculus Baby,60.537,51.1,AP,0.889,0.524,,6534,Mystic Gunpowder,90.805,34.1,AP,0.805,0.495,,6533,Stake of Wailing Night,90.805,34.1,AP,0.802,0.479,,6549,Small Bell of Absolution,16.042,192.7,AP,0.150,0.088,,6005,Gem of Caster,9.686,319.2,AP,0.026,,,,,,,,,,,,-1,Blue Gems,60.537,,-2,Red Gems,60.537,,-3,Gold Gems,30.268,,-6,XP,908.1
Powder Dust,31.69,40,915,Lotto,8,,5.386,3.014,,6523,Lamp of Evil-Sealing,25.79,122.9,AP,0.775,0.352,,6527,Deadly Poison Needle,30.68,103.3,AP,0.294,0.173,,6505,Void's Dust,30.55,103.7,AP,0.279,0.127,,6106,Magic Gem of Assassin,26.6,119.1,AP,0.159,,,7106,Assassin Monument,22.39,141.5,AP,0.343,,,6006,Gem of Assassin,28.66,110.6,AP,0.066,,,,,,,,,,,,,,,,,,,,,,,,,,,,,,,,,,,,,,,,,,,,,,,,,,,,,,,,,,,,,,,,,,,,,,,,,,,,,,,,,,,,,,,,,,,,,,,,,,,,,,,,,,,,,,,,,,,"9,400",297,"39,162",,,45.3,15.1,3.6,114.4,,6543,Crown of Silvery Light,55.403,57.2,AP,0.865,0.501,,6526,Shell of Reminiscence,55.403,57.2,AP,0.811,0.446,,6514,Homunculus Baby,55.403,57.2,AP,0.794,0.468,,6534,Mystic Gunpowder,83.105,38.1,AP,0.719,0.442,,6533,Stake of Wailing Night,83.105,38.1,AP,0.716,0.428,,6549,Small Bell of Absolution,14.682,215.8,AP,0.134,0.078,,6005,Gem of Caster,8.865,357.5,AP,0.023,,,,,,,,,,,,-1,Blue Gems,55.403,,-2,Red Gems,55.403,,-3,Gold Gems,27.702,,-6,XP,831.1
Flake Dust,30.93,40,"1,098",Lotto,8,,6.424,3.646,,6520,Tearstone of Blood,30.96,99.9,AP,1.086,0.543,,6510,Eternal Gear,28.68,107.8,AP,0.402,0.199,,6551,Ceremonial Sword of Twilight,44.88,68.9,AP,0.421,0.263,,6107,Magic Gem of Berserker,31.34,98.7,AP,0.223,,,7107,Berserker Monument,25.26,122.4,AP,0.395,,,6007,Gem of Berserker,27.36,113.0,AP,0.061,,,,,,,,,,,,,,,,,,,,,,,,,,,,,,,,,,,,,,,,,,,,,,,,,,,,,,,,,,,,,,,,,,,,,,,,,,,,,,,,,,,,,,,,,,,,,,,,,,,,,,,,,,,,,,,,,,,"11,280",365,"43,789",,,49.5,16.5,3.3,102.3,,6543,Crown of Silvery Light,60.463,51.2,AP,0.968,0.560,,6526,Shell of Reminiscence,60.463,51.2,AP,0.907,0.499,,6514,Homunculus Baby,60.463,51.2,AP,0.887,0.523,,6534,Mystic Gunpowder,90.695,34.1,AP,0.803,0.494,,6533,Stake of Wailing Night,90.695,34.1,AP,0.801,0.478,,6549,Small Bell of Absolution,16.023,193.0,AP,0.150,0.088,,6005,Gem of Caster,9.674,319.7,AP,0.026,,,,,,,,,,,,-1,Blue Gems,60.463,,-2,Red Gems,60.463,,-3,Gold Gems,30.232,,-6,XP,907.0
Diamond Dust,30.09,40,"1,318",Lotto,8,,9.165,5.132,,6542,Egg of Truth,31.19,96.5,AP,1.649,0.970,,6525,Scarab of Wisdom,31.12,96.7,AP,1.584,0.720,,6556,Ether Photon Converger,33.73,89.2,AP,0.518,0.309,,6503,Proof of Hero,54.83,54.9,AP,0.341,0.166,,6205,Secret Gem of Caster,31.24,96.3,AP,0.514,,,6105,Magic Gem of Caster,21.28,141.4,AP,0.125,,,6005,Gem of Caster,11.44,263.0,AP,0.031,,,,,,,,,,,,,,,,,,,,,,,,,,,,,,,,,,,,,,,,,,,,,,,,,,,,,,,,,,,,,,,,,,,,,,,,,,,,,,,,,,,,,,,,,,,,,,,,,,,,,,,,,,,"13,536",450,"49,187",,,54.1,18.0,3.0,91.1,,6543,Crown of Silvery Light,66.073,45.5,AP,1.087,0.629,,6526,Shell of Reminiscence,66.073,45.5,AP,1.019,0.560,,6514,Homunculus Baby,66.073,45.5,AP,0.997,0.588,,6534,Mystic Gunpowder,99.110,30.4,AP,0.902,0.555,,6533,Stake of Wailing Night,99.110,30.4,AP,0.899,0.537,,6549,Small Bell of Absolution,17.509,171.9,AP,0.168,0.098,,6005,Gem of Caster,10.572,284.6,AP,0.029,,,,,,,,,,,,-1,Blue Gems,66.073,,-2,Red Gems,66.073,,-3,Gold Gems,33.037,,-6,XP,991.1
Snow Crystal,,,615,Lotto,8,,,,,6549,Small Bell of Absolution,66.15,0.0,AP,,0.000,,6005,Gem of Caster,40.6,0.0,AP,,,,,,,,,,,,,,,,,,,,,,,,,,,,,,,,,,,,,,,,,,,,,,,,,,,,,,,,,,,,,,,,,,,,,,,,,,,,,,,,,,,,,,,,,,,,,,,,,,,,,,,,,,,,,,,,,,,,,,,,,,,,,,,,,,,,,,,,,,,,,,,,,,,,"6,400",,,,,,,,,,6543,Crown of Silvery Light,,,,,,,6526,Shell of Reminiscence,,,,,,,6514,Homunculus Baby,,,,,,,6534,Mystic Gunpowder,,,,,,,6533,Stake of Wailing Night,,,,,,,6549,Small Bell of Absolution,,,,,,,6005,Gem of Caster,,,,,,,,,,,,,,,,-1,Blue Gems,,,-2,Red Gems,,,-3,Gold Gems,,,-6,XP,
,,,,,8,,,,,,,,,,,,,,,,,,,,,,,,,,,,,,,,,,,,,,,,,,,,,,,,,,,,,,,,,,,,,,,,,,,,,,,,,,,,,,,,,,,,,,,,,,,,,,,,,,,,,,,,,,,,,,,,,,,,,,,,,,,,,,,,,,,,,,,,,,,,,,,,,,,,,,,,,,,,,,,,,,,,,,,,,,,,,,,6543,Crown of Silvery Light,,,,,,,6526,Shell of Reminiscence,,,,,,,6514,Homunculus Baby,,,,,,,6534,Mystic Gunpowder,,,,,,,6533,Stake of Wailing Night,,,,,,,6549,Small Bell of Absolution,,,,,,,6005,Gem of Caster,,,,,,,,,,,,,,,,-1,Blue Gems,,,-2,Red Gems,,,-3,Gold Gems,,,-6,XP,
,,,,,8,,,,,,,,,,,,,,,,,,,,,,,,,,,,,,,,,,,,,,,,,,,,,,,,,,,,,,,,,,,,,,,,,,,,,,,,,,,,,,,,,,,,,,,,,,,,,,,,,,,,,,,,,,,,,,,,,,,,,,,,,,,,,,,,,,,,,,,,,,,,,,,,,,,,,,,,,,,,,,,,,,,,,,,,,,,,,,,6543,Crown of Silvery Light,,,,,,,6526,Shell of Reminiscence,,,,,,,6514,Homunculus Baby,,,,,,,6534,Mystic Gunpowder,,,,,,,6533,Stake of Wailing Night,,,,,,,6549,Small Bell of Absolution,,,,,,,6005,Gem of Caster,,,,,,,,,,,,,,,,-1,Blue Gems,,,-2,Red Gems,,,-3,Gold Gems,,,-6,XP,
,,,,,8,,,,,,,,,,,,,,,,,,,,,,,,,,,,,,,,,,,,,,,,,,,,,,,,,,,,,,,,,,,,,,,,,,,,,,,,,,,,,,,,,,,,,,,,,,,,,,,,,,,,,,,,,,,,,,,,,,,,,,,,,,,,,,,,,,,,,,,,,,,,,,,,,,,,,,,,,,,,,,,,,,,,,,,,,,,,,,,6543,Crown of Silvery Light,,,,,,,6526,Shell of Reminiscence,,,,,,,6514,Homunculus Baby,,,,,,,6534,Mystic Gunpowder,,,,,,,6533,Stake of Wailing Night,,,,,,,6549,Small Bell of Absolution,,,,,,,6005,Gem of Caster,,,,,,,,,,,,,,,,-1,Blue Gems,,,-2,Red Gems,,,-3,Gold Gems,,,-6,XP,
,,,,,8,,,,,,,,,,,,,,,,,,,,,,,,,,,,,,,,,,,,,,,,,,,,,,,,,,,,,,,,,,,,,,,,,,,,,,,,,,,,,,,,,,,,,,,,,,,,,,,,,,,,,,,,,,,,,,,,,,,,,,,,,,,,,,,,,,,,,,,,,,,,,,,,,,,,,,,,,,,,,,,,,,,,,,,,,,,,,,,6543,Crown of Silvery Light,,,,,,,6526,Shell of Reminiscence,,,,,,,6514,Homunculus Baby,,,,,,,6534,Mystic Gunpowder,,,,,,,6533,Stake of Wailing Night,,,,,,,6549,Small Bell of Absolution,,,,,,,6005,Gem of Caster,,,,,,,,,,,,,,,,-1,Blue Gems,,,-2,Red Gems,,,-3,Gold Gems,,,-6,XP,
,,,,,8,,,,,,,,,,,,,,,,,,,,,,,,,,,,,,,,,,,,,,,,,,,,,,,,,,,,,,,,,,,,,,,,,,,,,,,,,,,,,,,,,,,,,,,,,,,,,,,,,,,,,,,,,,,,,,,,,,,,,,,,,,,,,,,,,,,,,,,,,,,,,,,,,,,,,,,,,,,,,,,,,,,,,,,,,,,,,,,6543,Crown of Silvery Light,,,,,,,6526,Shell of Reminiscence,,,,,,,6514,Homunculus Baby,,,,,,,6534,Mystic Gunpowder,,,,,,,6533,Stake of Wailing Night,,,,,,,6549,Small Bell of Absolution,,,,,,,6005,Gem of Caster,,,,,,,,,,,,,,,,-1,Blue Gems,,,-2,Red Gems,,,-3,Gold Gems,,,-6,XP,
,,,,,8,,,,,,,,,,,,,,,,,,,,,,,,,,,,,,,,,,,,,,,,,,,,,,,,,,,,,,,,,,,,,,,,,,,,,,,,,,,,,,,,,,,,,,,,,,,,,,,,,,,,,,,,,,,,,,,,,,,,,,,,,,,,,,,,,,,,,,,,,,,,,,,,,,,,,,,,,,,,,,,,,,,,,,,,,,,,,,,6543,Crown of Silvery Light,,,,,,,6526,Shell of Reminiscence,,,,,,,6514,Homunculus Baby,,,,,,,6534,Mystic Gunpowder,,,,,,,6533,Stake of Wailing Night,,,,,,,6549,Small Bell of Absolution,,,,,,,6005,Gem of Caster,,,,,,,,,,,,,,,,-1,Blue Gems,,,-2,Red Gems,,,-3,Gold Gems,,,-6,XP,
,,,,,8,,,,,,,,,,,,,,,,,,,,,,,,,,,,,,,,,,,,,,,,,,,,,,,,,,,,,,,,,,,,,,,,,,,,,,,,,,,,,,,,,,,,,,,,,,,,,,,,,,,,,,,,,,,,,,,,,,,,,,,,,,,,,,,,,,,,,,,,,,,,,,,,,,,,,,,,,,,,,,,,,,,,,,,,,,,,,,,6543,Crown of Silvery Light,,,,,,,6526,Shell of Reminiscence,,,,,,,6514,Homunculus Baby,,,,,,,6534,Mystic Gunpowder,,,,,,,6533,Stake of Wailing Night,,,,,,,6549,Small Bell of Absolution,,,,,,,6005,Gem of Caster,,,,,,,,,,,,,,,,-1,Blue Gems,,,-2,Red Gems,,,-3,Gold Gems,,,-6,XP,
,,,,,8,,,,,,,,,,,,,,,,,,,,,,,,,,,,,,,,,,,,,,,,,,,,,,,,,,,,,,,,,,,,,,,,,,,,,,,,,,,,,,,,,,,,,,,,,,,,,,,,,,,,,,,,,,,,,,,,,,,,,,,,,,,,,,,,,,,,,,,,,,,,,,,,,,,,,,,,,,,,,,,,,,,,,,,,,,,,,,,6543,Crown of Silvery Light,,,,,,,6526,Shell of Reminiscence,,,,,,,6514,Homunculus Baby,,,,,,,6534,Mystic Gunpowder,,,,,,,6533,Stake of Wailing Night,,,,,,,6549,Small Bell of Absolution,,,,,,,6005,Gem of Caster,,,,,,,,,,,,,,,,-1,Blue Gems,,,-2,Red Gems,,,-3,Gold Gems,,,-6,XP,
,,,,,8,,,,,,,,,,,,,,,,,,,,,,,,,,,,,,,,,,,,,,,,,,,,,,,,,,,,,,,,,,,,,,,,,,,,,,,,,,,,,,,,,,,,,,,,,,,,,,,,,,,,,,,,,,,,,,,,,,,,,,,,,,,,,,,,,,,,,,,,,,,,,,,,,,,,,,,,,,,,,,,,,,,,,,,,,,,,,,,6543,Crown of Silvery Light,,,,,,,6526,Shell of Reminiscence,,,,,,,6514,Homunculus Baby,,,,,,,6534,Mystic Gunpowder,,,,,,,6533,Stake of Wailing Night,,,,,,,6549,Small Bell of Absolution,,,,,,,6005,Gem of Caster,,,,,,,,,,,,,,,,-1,Blue Gems,,,-2,Red Gems,,,-3,Gold Gems,,,-6,XP,
,,,,,8,,,,,,,,,,,,,,,,,,,,,,,,,,,,,,,,,,,,,,,,,,,,,,,,,,,,,,,,,,,,,,,,,,,,,,,,,,,,,,,,,,,,,,,,,,,,,,,,,,,,,,,,,,,,,,,,,,,,,,,,,,,,,,,,,,,,,,,,,,,,,,,,,,,,,,,,,,,,,,,,,,,,,,,,,,,,,,,6543,Crown of Silvery Light,,,,,,,6526,Shell of Reminiscence,,,,,,,6514,Homunculus Baby,,,,,,,6534,Mystic Gunpowder,,,,,,,6533,Stake of Wailing Night,,,,,,,6549,Small Bell of Absolution,,,,,,,6005,Gem of Caster,,,,,,,,,,,,,,,,-1,Blue Gems,,,-2,Red Gems,,,-3,Gold Gems,,,-6,XP,